{"Dendogram": "// Dendrogram\ndigraph {\n\tleaf_3 [label=0]\n}\n", "DigraphIteration0": [[0.0, 11.4, 8.6, 7.21, 17.2, 9.43], [11.4, 0.0, 4.0, 13.04, 20.25, 14.04], [8.6, 4.0, 0.0, 9.06, 16.55, 10.05], [7.21, 13.04, 9.06, 0.0, 10.0, 2.24], [17.2, 20.25, 16.55, 10.0, 0.0, 7.81], [9.43, 14.04, 10.05, 2.24, 7.81, 0.0]], "DigraphIteration1": [[0.0, 11.4, 8.6, 7.21, 17.2], [11.4, 0.0, 4.0, 13.04, 20.25], [8.6, 4.0, 0.0, 9.06, 16.55], [7.21, 13.04, 9.06, 0.0, 10.0], [17.2, 20.25, 16.55, 10.0, 0.0]], "DigraphIteration2": [[0.0, 8.6, 7.21, 17.2], [8.6, 0.0, 9.06, 16.55], [7.21, 9.06, 0.0, 10.0], [17.2, 16.55, 10.0, 0.0]], "DigraphIteration3": [[0.0, 9.06, 16.55], [9.06, 0.0, 10.0], [16.55, 10.0, 0.0]], "DigraphIteration4": [[0.0, 10.0], [10.0, 0.0]], "iterations": 5}