{"Dendogram": "// Dendrogram\ndigraph {\n\tleaf_3 [label=3]\n}\n", "DigraphIteration0": [[0.0, 6.4, 8.06, 7.28, 11.0, 10.0], [6.4, 0.0, 5.83, 4.24, 8.6, 4.12], [8.06, 5.83, 0.0, 10.0, 14.42, 9.22], [7.28, 4.24, 10.0, 0.0, 4.47, 4.12], [11.0, 8.6, 14.42, 4.47, 0.0, 6.71], [10.0, 4.12, 9.22, 4.12, 6.71, 0.0]], "DigraphIteration1": [[0.0, 6.4, 8.06, 7.28, 11.0], [6.4, 0.0, 5.83, 4.24, 8.6], [8.06, 5.83, 0.0, 10.0, 14.42], [7.28, 4.24, 10.0, 0.0, 4.47], [11.0, 8.6, 14.42, 4.47, 0.0]], "DigraphIteration2": [[0.0, 6.4, 8.06, 11.0], [6.4, 0.0, 5.83, 8.6], [8.06, 5.83, 0.0, 14.42], [11.0, 8.6, 14.42, 0.0]], "DigraphIteration3": [[0.0, 6.4, 11.0], [6.4, 0.0, 8.6], [11.0, 8.6, 0.0]], "DigraphIteration4": [[0.0, 8.6], [8.6, 0.0]], "iterations": 5}