{"Dendogram": "// Dendrogram\ndigraph {\n\tleaf_3 [label=3]\n}\n", "DigraphIteration0": [[84.0, 76.0, 76.0, 52.0, 62.0, 62.0], [76.0, 68.0, 68.0, 44.0, 54.0, 54.0], [76.0, 68.0, 68.0, 44.0, 54.0, 54.0], [52.0, 44.0, 44.0, 28.0, 34.0, 38.0], [62.0, 54.0, 54.0, 34.0, 40.0, 44.0], [62.0, 54.0, 54.0, 38.0, 44.0, 48.0]], "DigraphIteration1": [[84.0, 76.0, 76.0, 62.0, 62.0], [76.0, 68.0, 68.0, 54.0, 54.0], [76.0, 68.0, 68.0, 54.0, 54.0], [62.0, 54.0, 54.0, 40.0, 44.0], [62.0, 54.0, 54.0, 44.0, 48.0]], "DigraphIteration2": [[84.0, 76.0, 76.0, 62.0, 62.0], [76.0, 68.0, 68.0, 54.0, 54.0], [76.0, 68.0, 68.0, 54.0, 54.0], [62.0, 54.0, 54.0, 40.0, 44.0], [62.0, 54.0, 54.0, 44.0, 48.0]], "DigraphIteration3": [[84.0, 76.0, 76.0, 62.0, 62.0], [76.0, 68.0, 68.0, 54.0, 54.0], [76.0, 68.0, 68.0, 54.0, 54.0], [62.0, 54.0, 54.0, 40.0, 44.0], [62.0, 54.0, 54.0, 44.0, 48.0]], "DigraphIteration4": [[84.0, 76.0, 76.0, 62.0, 62.0], [76.0, 68.0, 68.0, 54.0, 54.0], [76.0, 68.0, 68.0, 54.0, 54.0], [62.0, 54.0, 54.0, 40.0, 44.0], [62.0, 54.0, 54.0, 44.0, 48.0]], "DigraphIteration5": [[84.0, 76.0, 76.0, 62.0, 62.0], [76.0, 68.0, 68.0, 54.0, 54.0], [76.0, 68.0, 68.0, 54.0, 54.0], [62.0, 54.0, 54.0, 40.0, 44.0], [62.0, 54.0, 54.0, 44.0, 48.0]], "iterations": 5}